J = 11.442732839999996
A = [87.3, 29.249999999999996]
tN = 3000.0
N = 5000
target = [[[(1+0j), 0j, 0j, 0j], [0j, (1+0j), 0j, 0j], [0j, 0j, 0j, (1+0j)], [0j, 0j, (1+0j), 0j]]]
Completion status = UC
fidelity = [0.9999842330508455]
